Fri. Mar.  1, 2013             LANDSAT 5                 Time: 02:34
                         Image Assessment System
                           GCP Residual Report
----------------------------------------------------------------------------
WOID: L6294622            Path/Row: 181 / 033

L0R Reference Image: L51XXX1090219080100_HDF.130600820
Acquisition Date: Aug 07, 1990

Band Number:  5

GeoCover date for each WRS-2 path/row used:
Path  Row   Date
181   033   2000-06-07


Point_ID      Latitude  Longitude    Height       Across    Along    Residual  Residual
                                                   Scan      Scan      In y      in x
                                                 Residual  Residual    dir       dir
                (deg)     (deg)     (meters)     (meters)  (meters)  (meters)  (meters)

1810330001   38.612627   26.542511    49.861       1.549    -1.874     1.872    -1.551
1810330002   38.178230   26.496601    53.493       1.925    -0.604     2.004    -0.232
1810330004   38.268036   26.251121    46.162       1.524     5.942     0.383     6.120
1810330005   38.421815   26.739610    47.548      -4.087     4.681    -4.889     3.831
1810330006   38.155619   26.520726    48.851      -0.719     1.939    -1.069     1.769
1810330007   39.788640   26.061467    51.409       4.643     0.353     4.493     1.210
1810330008   38.120562   26.543886    52.480      -0.742    -1.693    -0.411    -1.802
1810330009   38.220466   25.908209    45.178      -0.027    -5.012     0.912    -4.928
1810330010   38.279498   26.111405    61.049      -0.358     3.712    -1.048     3.579
1810330012   39.284657   25.981966    46.000       2.220    -2.008     2.554    -1.558
1810330013   38.427436   27.132439    48.919      -1.773     3.819    -2.454     3.417
1810330015   39.113644   26.560109    50.174       2.864    -3.132     3.398    -2.541
1810330016   38.387945   26.272901    44.000      -5.268    -0.489    -5.082    -1.466
1810330017   38.213360   26.740354    50.392      -0.105     0.781    -0.249     0.747
1810330018   38.663354   26.517706    50.866       0.238     1.235     0.003     1.257
1810330019   39.008566   26.780784    47.466       1.676     0.361     1.578     0.668
1810330021   38.208826   26.097530    54.198       2.704    -0.357     2.722     0.156
1810330023   38.332084   26.385700    48.286       0.136     1.081    -0.069     1.087
1810330024   38.930880   27.088375   188.012       2.978     3.891     2.198     4.377
1810330025   38.359161   26.296538    48.925       0.612    -2.496     1.069    -2.337
1810330026   38.204308   26.687276    51.607      -0.741     5.207    -1.703     4.974
1810330027   39.289302   26.620933    48.913      -1.655     1.480    -1.901     1.144
1810330028   38.400267   26.136382    45.159      -0.306    -5.239     0.681    -5.202
1810330029   38.458873   27.009742    42.657      -5.164     2.804    -5.594     1.786
1810330030   38.209522   26.717752    49.417      -0.439     6.271    -1.605     6.076
1810330031   39.374692   26.703018    46.459       2.129     1.135     1.879     1.512
1810330032   38.746884   26.787801    49.825       3.429    -3.647     4.050    -2.940
1810330033   38.268449   26.273751    44.123      -5.081     1.115    -5.199     0.143
1810330034   39.198505   25.845635    45.000       3.504    -1.248     3.674    -0.572
1810330035   39.271671   26.411314    46.000      -3.709     4.289    -4.444     3.520
1810330036   38.547906   26.586988    49.718       1.120     0.171     1.068     0.377
1810330037   38.224225   26.389350    52.892       0.493     3.009    -0.080     3.047
1810330038   38.193060   25.926775    53.131       2.838     0.445     2.702     0.969
1810330039   38.537202   26.865868    44.000      -2.928    -4.671    -2.000    -5.135
1810330040   39.348989   26.694423    48.869       0.770    -0.449     0.840    -0.298
1810330041   38.636808   26.766065    47.722       0.333     3.057    -0.245     3.065
1810330042   38.293650   25.928383    43.678       1.240     0.351     1.151     0.577
1810330044   38.228092   26.354014    49.863      -0.139     0.351    -0.202     0.318
1810330045   38.520141   26.150782    48.474       0.177     0.406     0.097     0.432
1810330046   39.240789   26.453636    47.204      -1.435     1.664    -1.721     1.366
1810330047   38.292055   26.244356    53.567      -4.068     4.570    -4.851     3.726
1810330048   39.195328   26.503667    46.000      -0.133     0.932    -0.305     0.891
1810330050   39.372393   26.760844    46.000      -1.471    -0.962    -1.265    -1.220
1810330051   38.984752   27.424083   755.030      -1.703     0.487    -1.760     0.160
1810330052   38.403448   26.991525    48.552      -3.037    -0.398    -2.907    -0.960
1810330053   39.461414   27.816138   549.822       0.578     2.207     0.157     2.275
1810330054   38.447107   25.946400    65.685       1.131     2.432     0.654     2.599
1810330055   39.090952   26.564413    59.523       2.016    -2.417     2.432    -1.997
1810330056   38.288274   26.564793   187.655       3.204    -1.563     3.439    -0.934
1810330057   38.387458   27.446335   275.570       1.255     0.044     1.226     0.278
1810330059   39.546071   26.610462    52.078      -1.615     3.745    -2.285     3.377
1810330060   38.214227   26.767082    48.560       0.511     3.584    -0.168     3.615
1810330063   38.619327   26.817814    45.696      -0.093    -0.599     0.022    -0.606
1810330065   39.324019   26.658335    50.113       2.398     5.464     1.335     5.814
1810330066   38.994271   27.540884   564.025      -0.437    -3.004     0.133    -3.029
1810330067   39.044234   27.339158   546.507       3.167    -0.963     3.289    -0.353
1810330068   38.241969   25.866408    68.495       3.648    -0.240     3.627     0.447
1810330069   38.464134   26.144906    53.886      -1.411     2.087    -1.777     1.785
1810330072   39.397336   27.693101   493.567      -0.684     0.614    -0.784     0.475
1810330073   38.778954   26.924477    45.533       4.385    -0.803     4.457     0.032
1810330075   38.712377   26.707849    46.427      -0.678    -2.056    -0.281    -2.145
1810330076   38.300582   26.147172    47.862       0.801     0.648     0.664     0.786
1810330077   38.500141   27.461479   688.640       1.760     2.894     1.187     3.170
1810330078   38.203609   26.053052    51.244       3.158    -5.846     4.197    -5.149
1810330080   39.130900   26.548201    58.364      -1.397    -0.295    -1.317    -0.550
1810330081   38.558297   26.083881    58.993       6.044    -1.667     6.247    -0.506
1810330082   38.613109   27.399488   127.650       1.000    -0.854     1.143    -0.650
1810330083   39.577748   27.278168   438.042      -4.563    -5.045    -3.538    -5.803
1810330084   38.470889   26.597401    52.303      -0.293     0.965    -0.468     0.893
1810330085   38.629363   27.159694    62.529       5.012     1.147     4.708     2.065
1810330086   38.430039   26.140840    67.348      -0.911     4.373    -1.714     4.123
1810330087   38.835799   27.339549   519.545       0.104    -4.088     0.867    -3.992
1810330089   38.174462   25.963353    52.034       2.707     0.469     2.570     0.967
1810330090   39.028479   27.714785   479.901       0.722    -1.453     0.981    -1.290
1810330091   39.297837   26.037788    50.438       0.742    -1.085     0.930    -0.928
1810330092   39.358944   26.590959    46.000      -1.907     0.409    -1.950     0.045
1810330093   39.534852   27.240295   602.426      -2.721    -1.857    -2.323    -2.329
1810330094   38.375403   26.785112    43.614      -3.016     2.457    -3.421     1.848
1810330095   38.761929   27.259089   348.256       0.367    -1.545     0.650    -1.447
1810330096   38.325803   26.157859    59.986      -0.526     0.573    -0.625     0.464
1810330097   38.309873   26.377995    43.000      -2.542    -4.810    -1.595    -5.200
1810330098   39.088929   26.530777   164.126       2.184    -0.803     2.295    -0.381
1810330099   39.680756   26.899715  1120.550      -4.226     4.342    -4.951     3.471
1810330100   38.401825   27.015919    57.536      -2.920     0.487    -2.957    -0.069
1810330101   39.024451   27.615279   348.624       4.082     4.063     3.249     4.752
1810330103   38.447389   27.173731    49.783       1.657     3.608     0.953     3.854
1810330104   39.603764   27.248919   571.518      -1.213    -0.869    -1.028    -1.078
1810330105   38.930093   27.047533    46.000       5.330    -2.464     5.695    -1.423
1810330107   38.455297   27.120112    47.049       4.899    -6.090     5.951    -5.062
1810330108   39.598081   26.974609    60.531      -3.862    -1.819    -3.453    -2.507
1810330109   38.418181   26.690824    59.867       0.897    -0.993     1.067    -0.807
1810330110   39.325109   27.490520   587.589       0.875    -2.265     1.282    -2.059
1810330111   38.487549   27.244000   301.347       0.855    -4.059     1.600    -3.824
1810330112   38.973583   26.376387    53.997       6.052    -1.361     6.198    -0.206
1810330113   38.942386   27.188433   504.087       3.933     2.523     3.390     3.212
1810330114   39.199884   25.821293    57.290       3.575     0.655     3.387     1.310
1810330115   38.447354   27.196421    52.021       2.853     0.360     2.736     0.888
1810330116   38.891139   26.910867    46.000       2.116    -4.984     3.010    -4.498
1810330117   38.910812   27.149942   390.685       0.557     5.310    -0.444     5.316
1810330118   39.266694   27.556187   204.856      -2.313     3.843    -2.986     3.341
1810330119   38.560135   25.611456   136.964       2.741     2.340     2.252     2.810
1810330120   39.264182   27.113482   622.569      -4.863     0.977    -4.953     0.051
1810330121   38.476958   26.916194    44.635      -5.160     4.569    -5.921     3.519
1810330122   38.580816   26.566478    46.788      -0.534    -1.647    -0.216    -1.717
1810330123   38.367301   26.034783   618.364      -3.104    -1.581    -2.750    -2.132
1810330124   38.970564   26.541602    46.000       3.275    -0.072     3.230     0.541
1810330125   38.964261   26.403132    53.440       2.580    -1.495     2.813    -0.986
1810330126   38.663512   26.491153    45.786       0.306    -1.344     0.552    -1.263
1810330127   38.399981   25.967354    49.445       5.410    -1.717     5.634    -0.673
1810330128   39.368794   26.374280    46.000      -1.429    -4.560    -0.552    -4.745
1810330129   38.576037   27.322480   646.688      -2.582     0.839    -2.688     0.340
1810330131   39.592766   26.675885   442.238      -1.567     4.735    -2.421     4.355
1810330132   39.037729   27.426479   276.292      -1.616     6.816    -2.858     6.389
1810330133   39.682849   26.838490  1054.245      -3.802     2.633    -4.218     1.874
1810330134   38.932471   27.122643   317.889       0.728     1.446     0.445     1.556
1810330136   38.368524   26.895027    66.739       0.450    -4.953     1.370    -4.778
1810330137   39.218212   27.281609   192.570       0.586     3.045     0.008     3.100
1810330138   38.923883   27.015689    45.882       0.332     0.304     0.270     0.360
1810330139   38.283374   26.917103   533.513      -2.382    -1.669    -2.024    -2.083
1810330140   38.677324   27.016670    62.008       2.337    -2.899     2.838    -2.408
1810330141   38.394757   27.096651   104.986       2.921    -3.532     3.530    -2.920
1810330142   39.701480   26.693924   655.434       0.777    -0.449     0.846    -0.296
1810330143   38.453858   27.313340   239.832      -0.958     6.954    -2.240     6.647
1810330144   39.214541   27.340323   117.740      -0.063     0.330    -0.122     0.312
1810330146   38.524883   26.210265   137.396      -2.454     2.815    -2.937     2.305
1810330147   38.488684   26.137736    61.461       1.091    -0.380     1.142    -0.169
1810330148   38.183934   26.027616    74.760      -0.732    -1.835    -0.376    -1.939
1810330149   39.800578   26.033971    56.277       2.530    -2.206     2.895    -1.696
1810330150   39.369567   26.614579    50.719       2.618    -6.502     3.785    -5.897
1810330151   38.372331   26.923184   101.701      -2.828     0.607    -2.890     0.066
1810330152   38.299957   26.510515   237.444      -6.504    -3.429    -5.742    -4.584
1810330153   38.330897   26.317749    55.162      -2.712     0.899    -2.832     0.375
1810330154   38.424914   27.196017    67.728       1.783    -1.685     2.068    -1.319
1810330155   39.202012   26.054731   343.774      -2.712    -6.488    -1.452    -6.876
1810330156   38.463147   26.725019    66.500      -0.560     2.734    -1.061     2.580
1810330158   39.189808   26.083726   627.297      -1.404     2.330    -1.813     2.024
1810330159   38.290463   26.762378   202.066       0.285    -4.068     1.042    -3.940
1810330160   38.262682   26.677424   206.410      -3.562    -1.376    -3.239    -2.018
1810330161   39.053323   27.719196   354.446       1.764    -4.406     2.555    -3.994
1810330162   38.318088   26.347382    43.965      -5.294    -2.674    -4.697    -3.618
1810330163   38.241606   26.594554   340.626      -1.883    -0.710    -1.715    -1.049
1810330164   38.310184   26.567408   197.749      -3.477    -3.410    -2.774    -3.999
1810330165   39.220931   26.725215    46.000      -4.988     1.233    -5.128     0.279
1810330168   39.292794   26.706844    51.295      -1.008     5.565    -2.029     5.277
1810330169   38.780884   27.431852   251.339      -0.106    -6.353     1.085    -6.256
1810330170   39.417720   27.840372   371.753       4.031     4.960     3.034     5.622
1810330171   39.728865   26.162397    56.832       0.143    -1.588     0.436    -1.534
1810330173   39.290354   27.525761   295.564      -0.717     3.347    -1.326     3.152
1810330174   38.637692   26.523048    49.269       1.534    -4.071     2.268    -3.710
1810330177   38.639182   27.441687    71.029       6.342    -2.531     6.702    -1.296
1810330178   38.748954   27.059841   372.635      -1.272    -0.588    -1.137    -0.815
1810330179   39.051672   27.521213   685.740      -2.168    -5.730    -1.056    -6.026
1810330182   38.194901   25.951072    48.796       1.579    -1.410     1.814    -1.089
1810330183   38.361093   26.456535    52.970      -2.435     0.029    -2.396    -0.427
1810330185   38.790321   26.947263    60.148       0.906    -1.858     1.237    -1.655
1810330186   38.351428   26.839774   120.915      -5.310     2.354    -5.653     1.316
1810330188   38.468866   27.256662   170.597      -2.605    -3.565    -1.889    -3.988
1810330189   39.329743   27.325217   381.109       1.013    -2.383     1.440    -2.150
1810330190   38.602987   25.534149    54.569      -1.118     2.575    -1.582     2.320
1810330191   38.494712   27.302508   358.072       2.711    -2.731     3.173    -2.172
1810330192   38.726219   27.269659   224.935      -1.221     2.719    -1.706     2.441
1810330193   39.156253   26.150479    51.371      -0.534    -2.985     0.033    -3.032
1810330194   38.171247   26.772356    44.654       0.617     0.872     0.443     0.972
1810330195   39.561452   26.691397    56.917      -2.353     1.335    -2.560     0.872
1810330196   38.329198   25.973165    43.000      -2.687     5.967    -3.758     5.357
1810330197   39.113275   26.534780   184.751       3.264    -0.395     3.278     0.222
1810330198   38.593544   26.062419    61.945      -3.597    -1.884    -3.181    -2.523
1810330199   39.813031   26.004356    51.068      -1.392     3.112    -1.949     2.798
1810330202   39.024150   27.085719    95.778       1.005    -1.366     1.243    -1.154
1810330203   39.340250   26.579232    63.429      -1.072     4.697    -1.930     4.412
1810330205   38.103475   26.603873    62.246       0.715    -0.319     0.763    -0.179
1810330206   38.365171   26.143324    47.053      -0.757    -4.735     0.143    -4.792
1810330207   38.352559   26.323383    56.182       0.752    -2.423     1.192    -2.239
1810330209   38.632072   26.473453   351.824      -2.224     0.547    -2.285     0.120
1810330210   39.486173   27.007442    92.003      -1.593     6.208    -2.722     5.799
1810330211   38.998417   26.543501    53.375       3.355     1.697     2.977     2.293
1810330212   39.149725   27.476454   165.310      -0.975    -0.829    -0.801    -0.996
1810330213   39.268579   27.498124   420.484      -3.143    -3.878    -2.360    -4.392
1810330214   39.044082   26.612194    47.331      -1.155     0.143    -1.161    -0.076
1810330216   39.319244   26.690724    44.423       0.146     4.674    -0.729     4.617
1810330217   38.977317   26.851188   604.282      -2.317     0.350    -2.339    -0.089
1810330218   39.223980   27.610762   239.442       1.518    -4.383     2.310    -4.019
1810330219   38.540313   25.559517    53.155      -0.303     1.520    -0.584     1.436
1810330220   39.563633   27.301511   650.561      -3.912    -1.025    -3.646    -1.734
1810330221   38.190870   27.123445   122.692      -0.354     3.879    -1.072     3.743
1810330222   38.249162   26.104231    51.305      -2.385     0.155    -2.372    -0.294
1810330223   39.131805   26.210472    49.946       3.881     4.119     3.041     4.769
1810330224   39.039362   26.507534    48.766      -1.309    -2.296    -0.857    -2.499
1810330225   39.487503   27.070586   399.526      -4.897     2.528    -5.278     1.568
1810330226   38.952474   27.124409   255.395       0.111     3.217    -0.491     3.179
1810330227   38.330232   26.578615   206.965      -0.614    -2.362    -0.160    -2.434
1810330230   39.233954   26.961185   588.519      -4.554    -2.418    -4.017    -3.222
1810330231   38.390698   26.428145    44.000       0.538     4.511    -0.316     4.531
1810330232   39.537668   27.772694   396.850       2.146    -4.144     2.880    -3.667
1810330233   39.323434   26.167254    47.498       1.673     1.336     1.393     1.624
1810330235   38.632145   26.915669    49.361      -0.584    -0.008    -0.571    -0.117
1810330236   39.472036   27.842769   408.639       1.011     5.551    -0.040     5.638
1810330237   39.087358   26.369490   512.799       0.882    -3.759     1.567    -3.525
1810330238   38.296155   27.230321   263.999       3.409     2.891     2.806     3.477
1810330239   39.601064   26.752371   294.056       1.885    -4.881     2.760    -4.440
1810330240   38.358427   27.181073   212.361       0.785     7.045    -0.546     7.064
1810330241   39.027324   27.294367   362.973       0.122    -5.868     1.216    -5.737
1810330243   39.023742   27.198353   227.919       0.863    -2.801     1.372    -2.588
1810330244   39.138921   26.525933    53.761      -0.348    -3.567     0.325    -3.568
1810330245   39.498585   27.834716   424.767       4.017     1.156     3.729     1.885
1810330247   38.406354   27.126903   152.207       3.771    -6.396     4.900    -5.572
1810330248   38.541084   27.242460   778.101       1.583     1.648     1.246     1.914
1810330249   39.088765   26.432957    81.972       2.013    -5.121     2.933    -4.654
1810330250   38.316485   25.942116    49.442      -0.881     4.437    -1.697     4.192
1810330251   39.561004   27.104536    86.114      -3.034     0.380    -3.050    -0.193
